# VISTA_Filters_at80K_forETC_J.dat + atmosphere (airmass=2,pwv=3mm) + qe + M1 + M2
      5000.000      0.0000000
      5010.000      0.0000000
      5020.000      0.0000000
      5030.000      0.0000000
      5040.000      0.0000000
      5050.000      0.0000000
      5060.000      0.0000000
      5070.000      0.0000000
      5080.000      0.0000000
      5090.000      0.0000000
      5100.000      0.0000000
      5110.000      0.0000000
      5120.000      0.0000000
      5130.000      0.0000000
      5140.000      0.0000000
      5150.000      0.0000000
      5160.000      0.0000000
      5170.000      0.0000000
      5180.000      0.0000000
      5190.000      0.0000000
      5200.000      0.0000000
      5210.000      0.0000000
      5220.000      0.0000000
      5230.000      0.0000000
      5240.000      0.0000000
      5250.000      0.0000000
      5260.000      0.0000000
      5270.000      0.0000000
      5280.000      0.0000000
      5290.000      0.0000000
      5300.000      0.0000000
      5310.000      0.0000000
      5320.000      0.0000000
      5330.000      0.0000000
      5340.000      0.0000000
      5350.000      0.0000000
      5360.000      0.0000000
      5370.000      0.0000000
      5380.000      0.0000000
      5390.000      0.0000000
      5400.000      0.0000000
      5410.000      0.0000000
      5420.000      0.0000000
      5430.000      0.0000000
      5440.000      0.0000000
      5450.000      0.0000000
      5460.000      0.0000000
      5470.000      0.0000000
      5480.000      0.0000000
      5490.000      0.0000000
      5500.000      0.0000000
      5510.000      0.0000000
      5520.000      0.0000000
      5530.000      0.0000000
      5540.000      0.0000000
      5550.000      0.0000000
      5560.000      0.0000000
      5570.000      0.0000000
      5580.000      0.0000000
      5590.000      0.0000000
      5600.000      0.0000000
      5610.000      0.0000000
      5620.000      0.0000000
      5630.000      0.0000000
      5640.000      0.0000000
      5650.000      0.0000000
      5660.000      0.0000000
      5670.000      0.0000000
      5680.000      0.0000000
      5690.000      0.0000000
      5700.000      0.0000000
      5710.000      0.0000001
      5720.000      0.0000001
      5730.000      0.0000001
      5740.000      0.0000000
      5750.000      0.0000000
      5760.000      0.0000000
      5770.000      0.0000000
      5780.000      0.0000000
      5790.000      0.0000001
      5800.000      0.0000001
      5810.000      0.0000001
      5820.000      0.0000000
      5830.000      0.0000000
      5840.000      0.0000000
      5850.000      0.0000000
      5860.000      0.0000000
      5870.000      0.0000000
      5880.000      0.0000000
      5890.000      0.0000000
      5900.000      0.0000000
      5910.000      0.0000000
      5920.000      0.0000000
      5930.000      0.0000001
      5940.000      0.0000001
      5950.000      0.0000001
      5960.000      0.0000000
      5970.000      0.0000000
      5980.000      0.0000000
      5990.000      0.0000000
      6000.000      0.0000000
      6010.000      0.0000001
      6020.000      0.0000001
      6030.000      0.0000001
      6040.000      0.0000000
      6050.000      0.0000000
      6060.000      0.0000000
      6070.000      0.0000000
      6080.000      0.0000000
      6090.000      0.0000000
      6100.000      0.0000000
      6110.000      0.0000000
      6120.000      0.0000000
      6130.000      0.0000000
      6140.000      0.0000000
      6150.000      0.0000000
      6160.000      0.0000000
      6170.000      0.0000000
      6180.000      0.0000000
      6190.000      0.0000000
      6200.000      0.0000000
      6210.000      0.0000000
      6220.000      0.0000000
      6230.000      0.0000000
      6240.000      0.0000000
      6250.000      0.0000002
      6260.000      0.0000002
      6270.000      0.0000002
      6280.000      0.0000002
      6290.000      0.0000002
      6300.000      0.0000000
      6310.000      0.0000000
      6320.000      0.0000000
      6330.000      0.0000002
      6340.000      0.0000002
      6350.000      0.0000004
      6360.000      0.0000004
      6370.000      0.0000002
      6380.000      0.0000000
      6390.000      0.0000002
      6400.000      0.0000002
      6410.000      0.0000004
      6420.000      0.0000004
      6430.000      0.0000004
      6440.000      0.0000004
      6450.000      0.0000006
      6460.000      0.0000006
      6470.000      0.0000008
      6480.000      0.0000008
      6490.000      0.0000010
      6500.000      0.0000012
      6510.000      0.0000017
      6520.000      0.0000019
      6530.000      0.0000021
      6540.000      0.0000024
      6550.000      0.0000026
      6560.000      0.0000026
      6570.000      0.0000031
      6580.000      0.0000033
      6590.000      0.0000036
      6600.000      0.0000039
      6610.000      0.0000041
      6620.000      0.0000044
      6630.000      0.0000049
      6640.000      0.0000052
      6650.000      0.0000057
      6660.000      0.0000059
      6670.000      0.0000067
      6680.000      0.0000073
      6690.000      0.0000083
      6700.000      0.0000093
      6710.000      0.0000107
      6720.000      0.0000117
      6730.000      0.0000136
      6740.000      0.0000152
      6750.000      0.0000177
      6760.000      0.0000201
      6770.000      0.0000232
      6780.000      0.0000262
      6790.000      0.0000299
      6800.000      0.0000336
      6810.000      0.0000379
      6820.000      0.0000422
      6830.000      0.0000477
      6840.000      0.0000531
      6850.000      0.0000596
      6860.000      0.0000662
      6870.000      0.0000737
      6880.000      0.0000814
      6890.000      0.0000891
      6900.000      0.0000970
      6910.000      0.0001035
      6920.000      0.0001102
      6930.000      0.0001116
      6940.000      0.0001131
      6950.000      0.0001097
      6960.000      0.0001063
      6970.000      0.0001011
      6980.000      0.0000957
      6990.000      0.0000894
      7000.000      0.0000829
      7010.000      0.0000754
      7020.000      0.0000674
      7030.000      0.0000587
      7040.000      0.0000499
      7050.000      0.0000412
      7060.000      0.0000321
      7070.000      0.0000255
      7080.000      0.0000188
      7090.000      0.0000149
      7100.000      0.0000107
      7110.000      0.0000077
      7120.000      0.0000047
      7130.000      0.0000038
      7140.000      0.0000024
      7150.000      0.0000021
      7160.000      0.0000014
      7170.000      0.0000011
      7180.000      0.0000007
      7190.000      0.0000007
      7200.000      0.0000004
      7210.000      0.0000004
      7220.000      0.0000000
      7230.000      0.0000004
      7240.000      0.0000007
      7250.000      0.0000004
      7260.000      0.0000000
      7270.000      0.0000000
      7280.000      0.0000000
      7290.000      0.0000000
      7300.000      0.0000000
      7310.000      0.0000004
      7320.000      0.0000004
      7330.000      0.0000004
      7340.000      0.0000004
      7350.000      0.0000004
      7360.000      0.0000000
      7370.000      0.0000004
      7380.000      0.0000004
      7390.000      0.0000004
      7400.000      0.0000000
      7410.000      0.0000000
      7420.000      0.0000000
      7430.000      0.0000000
      7440.000      0.0000000
      7450.000      0.0000000
      7460.000      0.0000000
      7470.000      0.0000000
      7480.000      0.0000000
      7490.000      0.0000000
      7500.000      0.0000000
      7510.000      0.0000000
      7520.000      0.0000000
      7530.000      0.0000000
      7540.000      0.0000000
      7550.000      0.0000000
      7560.000      0.0000000
      7570.000      0.0000000
      7580.000      0.0000000
      7590.000      0.0000000
      7600.000      0.0000000
      7610.000      0.0000000
      7620.000      0.0000000
      7630.000      0.0000000
      7640.000      0.0000000
      7650.000      0.0000000
      7660.000      0.0000000
      7670.000      0.0000005
      7680.000      0.0000005
      7690.000      0.0000005
      7700.000      0.0000000
      7710.000      0.0000000
      7720.000      0.0000000
      7730.000      0.0000000
      7740.000      0.0000000
      7750.000      0.0000000
      7760.000      0.0000000
      7770.000      0.0000000
      7780.000      0.0000000
      7790.000      0.0000000
      7800.000      0.0000000
      7810.000      0.0000000
      7820.000      0.0000000
      7830.000      0.0000000
      7840.000      0.0000000
      7850.000      0.0000000
      7860.000      0.0000000
      7870.000      0.0000000
      7880.000      0.0000000
      7890.000      0.0000000
      7900.000      0.0000000
      7910.000      0.0000000
      7920.000      0.0000000
      7930.000      0.0000000
      7940.000      0.0000000
      7950.000      0.0000000
      7960.000      0.0000000
      7970.000      0.0000000
      7980.000      0.0000000
      7990.000      0.0000000
      8000.000      0.0000000
      8010.000      0.0000000
      8020.000      0.0000000
      8030.000      0.0000006
      8040.000      0.0000006
      8050.000      0.0000019
      8060.000      0.0000032
      8070.000      0.0000076
      8080.000      0.0000115
      8090.000      0.0000109
      8100.000      0.0000103
      8110.000      0.0000052
      8120.000      0.0000000
      8130.000      0.0000000
      8140.000      0.0000000
      8150.000      0.0000000
      8160.000      0.0000000
      8170.000      0.0000000
      8180.000      0.0000000
      8190.000      0.0000000
      8200.000      0.0000000
      8210.000      0.0000000
      8220.000      0.0000000
      8230.000      0.0000000
      8240.000      0.0000000
      8250.000      0.0000000
      8260.000      0.0000000
      8270.000      0.0000000
      8280.000      0.0000000
      8290.000     -0.0000034
      8300.000     -0.0000069
      8310.000     -0.0000035
      8320.000      0.0000000
      8330.000      0.0000000
      8340.000      0.0000000
      8350.000      0.0000000
      8360.000      0.0000000
      8370.000      0.0000000
      8380.000      0.0000000
      8390.000     -0.0000036
      8400.000     -0.0000071
      8410.000     -0.0000107
      8420.000     -0.0000143
      8430.000     -0.0000144
      8440.000     -0.0000144
      8450.000     -0.0000180
      8460.000     -0.0000217
      8470.000     -0.0000029
      8480.000      0.0000160
      8490.000      0.0000007
      8500.000     -0.0000146
      8510.000     -0.0000329
      8520.000     -0.0000512
      8530.000     -0.0000513
      8540.000     -0.0000514
      8550.000     -0.0000405
      8560.000     -0.0000295
      8570.000      0.0000909
      8580.000      0.0002109
      8590.000      0.0002238
      8600.000      0.0002360
      8610.000      0.0001791
      8620.000      0.0001221
      8630.000      0.0001387
      8640.000      0.0001546
      8650.000      0.0001638
      8660.000      0.0001723
      8670.000      0.0001755
      8680.000      0.0001787
      8690.000      0.0001888
      8700.000      0.0001988
      8710.000      0.0002059
      8720.000      0.0002123
      8730.000      0.0002088
      8740.000      0.0002045
      8750.000      0.0002101
      8760.000      0.0002149
      8770.000      0.0002091
      8780.000      0.0002033
      8790.000      0.0001898
      8800.000      0.0001763
      8810.000      0.0001735
      8820.000      0.0001707
      8830.000      0.0001679
      8840.000      0.0001651
      8850.000      0.0001630
      8860.000      0.0001608
      8870.000      0.0001664
      8880.000      0.0001720
      8890.000      0.0001761
      8900.000      0.0001801
      8910.000      0.0001773
      8920.000      0.0001745
      8930.000      0.0001888
      8940.000      0.0002030
      8950.000      0.0002079
      8960.000      0.0002128
      8970.000      0.0002138
      8980.000      0.0002148
      8990.000      0.0002175
      9000.000      0.0002194
      9010.000      0.0001998
      9020.000      0.0002030
      9030.000      0.0002020
      9040.000      0.0002058
      9050.000      0.0002023
      9060.000      0.0001966
      9070.000      0.0001805
      9080.000      0.0001757
      9090.000      0.0001710
      9100.000      0.0001635
      9110.000      0.0001585
      9120.000      0.0001537
      9130.000      0.0001446
      9140.000      0.0001361
      9150.000      0.0001378
      9160.000      0.0001266
      9170.000      0.0001284
      9180.000      0.0001158
      9190.000      0.0001203
      9200.000      0.0001195
      9210.000      0.0001188
      9220.000      0.0001139
      9230.000      0.0001081
      9240.000      0.0000981
      9250.000      0.0000932
      9260.000      0.0000897
      9270.000      0.0000889
      9280.000      0.0000813
      9290.000      0.0000740
      9300.000      0.0000628
      9310.000      0.0000564
      9320.000      0.0000462
      9330.000      0.0000420
      9340.000      0.0000336
      9350.000      0.0000324
      9360.000      0.0000273
      9370.000      0.0000264
      9380.000      0.0000242
      9390.000      0.0000299
      9400.000      0.0000337
      9410.000      0.0000265
      9420.000      0.0000215
      9430.000      0.0000180
      9440.000      0.0000173
      9450.000      0.0000205
      9460.000      0.0000196
      9470.000      0.0000252
      9480.000      0.0000271
      9490.000      0.0000316
      9500.000      0.0000258
      9510.000      0.0000356
      9520.000      0.0000328
      9530.000      0.0000366
      9540.000      0.0000405
      9550.000      0.0000400
      9560.000      0.0000403
      9570.000      0.0000409
      9580.000      0.0000450
      9590.000      0.0000394
      9600.000      0.0000406
      9610.000      0.0000418
      9620.000      0.0000395
      9630.000      0.0000410
      9640.000      0.0000395
      9650.000      0.0000373
      9660.000      0.0000351
      9670.000      0.0000304
      9680.000      0.0000279
      9690.000      0.0000269
      9700.000      0.0000251
      9710.000      0.0000222
      9720.000      0.0000180
      9730.000      0.0000147
      9740.000      0.0000105
      9750.000      0.0000076
      9760.000      0.0000045
      9770.000      0.0000063
      9780.000      0.0000070
      9790.000      0.0000039
      9800.000      0.0000008
      9810.000      0.0000024
      9820.000      0.0000040
      9830.000      0.0000040
      9840.000      0.0000041
      9850.000      0.0000041
      9860.000      0.0000041
      9870.000      0.0000041
      9880.000      0.0000033
      9890.000      0.0000033
      9900.000      0.0000033
      9910.000      0.0000033
      9920.000      0.0000025
      9930.000      0.0000025
      9940.000      0.0000017
      9950.000      0.0000025
      9960.000      0.0000033
      9970.000      0.0000033
      9980.000      0.0000033
      9990.000      0.0000050
     10000.000      0.0000058
     10010.000      0.0000050
     10020.000      0.0000041
     10030.000      0.0000042
     10040.000      0.0000033
     10050.000      0.0000050
     10060.000      0.0000067
     10070.000      0.0000067
     10080.000      0.0000058
     10090.000      0.0000050
     10100.000      0.0000042
     10110.000      0.0000050
     10120.000      0.0000058
     10130.000      0.0000058
     10140.000      0.0000050
     10150.000      0.0000042
     10160.000      0.0000025
     10170.000      0.0000042
     10180.000      0.0000050
     10190.000      0.0000033
     10200.000      0.0000017
     10210.000      0.0000008
     10220.000      0.0000000
     10230.000      0.0000017
     10240.000      0.0000025
     10250.000      0.0000017
     10260.000      0.0000008
     10270.000      0.0000008
     10280.000      0.0000000
     10290.000      0.0000017
     10300.000      0.0000034
     10310.000      0.0000017
     10320.000      0.0000000
     10330.000      0.0000017
     10340.000      0.0000025
     10350.000      0.0000034
     10360.000      0.0000042
     10370.000      0.0000042
     10380.000      0.0000034
     10390.000      0.0000034
     10400.000      0.0000034
     10410.000      0.0000042
     10420.000      0.0000051
     10430.000      0.0000059
     10440.000      0.0000067
     10450.000      0.0000059
     10460.000      0.0000051
     10470.000      0.0000051
     10480.000      0.0000042
     10490.000      0.0000059
     10500.000      0.0000076
     10510.000      0.0000076
     10520.000      0.0000068
     10530.000      0.0000068
     10540.000      0.0000068
     10550.000      0.0000085
     10560.000      0.0000102
     10570.000      0.0000093
     10580.000      0.0000085
     10590.000      0.0000093
     10600.000      0.0000102
     10610.000      0.0000093
     10620.000      0.0000085
     10630.000      0.0000085
     10640.000      0.0000085
     10650.000      0.0000110
     10660.000      0.0000127
     10670.000      0.0000119
     10680.000      0.0000110
     10690.000      0.0000127
     10700.000      0.0000136
     10710.000      0.0000144
     10720.000      0.0000144
     10730.000      0.0000170
     10740.000      0.0000187
     10750.000      0.0000186
     10760.000      0.0000178
     10770.000      0.0000203
     10780.000      0.0000220
     10790.000      0.0000221
     10800.000      0.0000219
     10810.000      0.0000228
     10820.000      0.0000229
     10830.000      0.0000263
     10840.000      0.0000286
     10850.000      0.0000314
     10860.000      0.0000331
     10870.000      0.0000345
     10880.000      0.0000348
     10890.000      0.0000362
     10900.000      0.0000368
     10910.000      0.0000405
     10920.000      0.0000430
     10930.000      0.0000461
     10940.000      0.0000515
     10950.000      0.0000556
     10960.000      0.0000591
     10970.000      0.0000642
     10980.000      0.0000658
     10990.000      0.0000705
     11000.000     -0.0001607
     11010.000     -0.0002475
     11020.000     -0.0003282
     11030.000     -0.0006048
     11040.000     -0.0008801
     11050.000     -0.0000652
     11060.000      0.0007310
     11070.000      0.0002749
     11080.000     -0.0002015
     11090.000      0.0003511
     11100.000      0.0009265
     11110.000      0.0002284
     11120.000     -0.0004187
     11130.000     -0.0003991
     11140.000     -0.0004474
     11150.000     -0.0001926
     11160.000      0.0000294
     11170.000      0.0002810
     11180.000      0.0007260
     11190.000      0.0003818
     11200.000      0.0002065
     11210.000      0.0001228
     11220.000      0.0000075
     11230.000      0.0002735
     11240.000      0.0005960
     11250.000      0.0006902
     11260.000      0.0005881
     11270.000      0.0008993
     11280.000      0.0007937
     11290.000      0.0008988
     11300.000      0.0008946
     11310.000      0.0018096
     11320.000      0.0021669
     11330.000      0.0018292
     11340.000      0.0011397
     11350.000      0.0008368
     11360.000      0.0019433
     11370.000      0.0032649
     11380.000      0.0034451
     11390.000      0.0044988
     11400.000      0.0048104
     11410.000      0.0044633
     11420.000      0.0048641
     11430.000      0.0068513
     11440.000      0.0061301
     11450.000      0.0067688
     11460.000      0.0076159
     11470.000      0.0071517
     11480.000      0.0120908
     11490.000      0.0134697
     11500.000      0.0133610
     11510.000      0.0195890
     11520.000      0.0218559
     11530.000      0.0266116
     11540.000      0.0296363
     11550.000      0.0408371
     11560.000      0.0469313
     11570.000      0.0618873
     11580.000      0.0700862
     11590.000      0.0890035
     11600.000      0.1058641
     11610.000      0.1369199
     11620.000      0.1669331
     11630.000      0.2161226
     11640.000      0.2535299
     11650.000      0.2952912
     11660.000      0.3390841
     11670.000      0.4033101
     11680.000      0.4615912
     11690.000      0.5116989
     11700.000      0.5601871
     11710.000      0.5831215
     11720.000      0.6155225
     11730.000      0.6177360
     11740.000      0.5816730
     11750.000      0.6297154
     11760.000      0.6471291
     11770.000      0.6317590
     11780.000      0.5876129
     11790.000      0.6240062
     11800.000      0.6104353
     11810.000      0.6076640
     11820.000      0.5359137
     11830.000      0.6078158
     11840.000      0.5916416
     11850.000      0.5748650
     11860.000      0.6131072
     11870.000      0.6005940
     11880.000      0.5595518
     11890.000      0.6007355
     11900.000      0.6204396
     11910.000      0.6182145
     11920.000      0.6334331
     11930.000      0.6349746
     11940.000      0.6407885
     11950.000      0.6433692
     11960.000      0.6481359
     11970.000      0.6599283
     11980.000      0.6575846
     11990.000      0.6348055
     12000.000      0.6703374
     12010.000      0.6681318
     12020.000      0.6687116
     12030.000      0.6775710
     12040.000      0.6315028
     12050.000      0.6769137
     12060.000      0.7055738
     12070.000      0.6904132
     12080.000      0.6922720
     12090.000      0.6948797
     12100.000      0.7052753
     12110.000      0.7043884
     12120.000      0.6989374
     12130.000      0.7188651
     12140.000      0.7087015
     12150.000      0.7064256
     12160.000      0.7238496
     12170.000      0.7199796
     12180.000      0.7235963
     12190.000      0.7176132
     12200.000      0.7237740
     12210.000      0.7291961
     12220.000      0.7205093
     12230.000      0.7254405
     12240.000      0.7280339
     12250.000      0.7351920
     12260.000      0.7374475
     12270.000      0.7299950
     12280.000      0.7424743
     12290.000      0.7445766
     12300.000      0.7472315
     12310.000      0.7524861
     12320.000      0.7535875
     12330.000      0.7516954
     12340.000      0.7580162
     12350.000      0.7598717
     12360.000      0.7613734
     12370.000      0.7621163
     12380.000      0.7650525
     12390.000      0.7663267
     12400.000      0.7673077
     12410.000      0.7669402
     12420.000      0.7682978
     12430.000      0.7686395
     12440.000      0.7685664
     12450.000      0.7682696
     12460.000      0.7677421
     12470.000      0.7659497
     12480.000      0.7636818
     12490.000      0.7627134
     12500.000      0.7607342
     12510.000      0.7560851
     12520.000      0.7543207
     12530.000      0.7486794
     12540.000      0.7415184
     12550.000      0.7409517
     12560.000      0.7306366
     12570.000      0.7271199
     12580.000      0.7227596
     12590.000      0.7077758
     12600.000      0.7067840
     12610.000      0.6847381
     12620.000      0.6770511
     12630.000      0.6626843
     12640.000      0.6463597
     12650.000      0.6477279
     12660.000      0.6337868
     12670.000      0.6502643
     12680.000      0.6090038
     12690.000      0.4949653
     12700.000      0.6271437
     12710.000      0.6540415
     12720.000      0.6517427
     12730.000      0.6514661
     12740.000      0.6522514
     12750.000      0.6555787
     12760.000      0.6566818
     12770.000      0.6593308
     12780.000      0.6621062
     12790.000      0.6654467
     12800.000      0.6657770
     12810.000      0.6717339
     12820.000      0.6776101
     12830.000      0.6821630
     12840.000      0.6856989
     12850.000      0.6873686
     12860.000      0.6904828
     12870.000      0.6886846
     12880.000      0.6886751
     12890.000      0.6882669
     12900.000      0.6977948
     12910.000      0.7041984
     12920.000      0.7040292
     12930.000      0.7153688
     12940.000      0.7186433
     12950.000      0.7160847
     12960.000      0.7110469
     12970.000      0.7106927
     12980.000      0.7224980
     12990.000      0.7339012
     13000.000      0.7257458
     13010.000      0.7250309
     13020.000      0.7433622
     13030.000      0.7229750
     13040.000      0.6962343
     13050.000      0.7412148
     13060.000      0.7458512
     13070.000      0.7206037
     13080.000      0.7385145
     13090.000      0.7498773
     13100.000      0.6963813
     13110.000      0.7370329
     13120.000      0.7448501
     13130.000      0.7193267
     13140.000      0.7028032
     13150.000      0.7181771
     13160.000      0.7371855
     13170.000      0.7117606
     13180.000      0.7282812
     13190.000      0.6949178
     13200.000      0.6666802
     13210.000      0.6994022
     13220.000      0.6955798
     13230.000      0.6454420
     13240.000      0.6575052
     13250.000      0.6815573
     13260.000      0.6641547
     13270.000      0.6230190
     13280.000      0.5885140
     13290.000      0.5278343
     13300.000      0.5505236
     13310.000      0.4674768
     13320.000      0.4268426
     13330.000      0.4567301
     13340.000      0.4004097
     13350.000      0.4315626
     13360.000      0.3711641
     13370.000      0.3494767
     13380.000      0.3218628
     13390.000      0.3177784
     13400.000      0.2651843
     13410.000      0.2514102
     13420.000      0.2463869
     13430.000      0.2172838
     13440.000      0.1388786
     13450.000      0.1441964
     13460.000      0.1256662
     13470.000      0.1094277
     13480.000      0.0472498
     13490.000      0.0627262
     13500.000      0.0489544
     13510.000      0.0349112
     13520.000      0.0272928
     13530.000      0.0140759
     13540.000      0.0115308
     13550.000      0.0028559
     13560.000      0.0056854
     13570.000      0.0057950
     13580.000      0.0028584
     13590.000      0.0023331
     13600.000      0.0016835
     13610.000      0.0003530
     13620.000      0.0000439
     13630.000      0.0019998
     13640.000      0.0014112
     13650.000      0.0001516
     13660.000      0.0021256
     13670.000      0.0011653
     13680.000      0.0000745
     13690.000      0.0004327
     13700.000      0.0003662
     13710.000      0.0001777
     13720.000      0.0005913
     13730.000      0.0013124
     13740.000      0.0015704
     13750.000      0.0014715
     13760.000      0.0014962
     13770.000      0.0011718
     13780.000      0.0021991
     13790.000      0.0007035
     13800.000      0.0006614
     13810.000      0.0001338
     13820.000      0.0001492
     13830.000      0.0000249
     13840.000      0.0001278
     13850.000      0.0001600
     13860.000      0.0003246
     13870.000      0.0007163
     13880.000      0.0001484
     13890.000      0.0005467
     13900.000      0.0004858
     13910.000      0.0004786
     13920.000      0.0001885
     13930.000      0.0002220
     13940.000      0.0002686
     13950.000      0.0000360
     13960.000      0.0000104
     13970.000      0.0001121
     13980.000      0.0003093
     13990.000      0.0002593
     14000.000      0.0000234
     14010.000      0.0000133
     14020.000      0.0003025
     14030.000      0.0004185
     14040.000      0.0002061
     14050.000      0.0000489
     14060.000      0.0002255
     14070.000      0.0000473
     14080.000      0.0000563
     14090.000     -0.0000021
     14100.000     -0.0000346
     14110.000      0.0000459
     14120.000      0.0001704
     14130.000      0.0003496
     14140.000      0.0001278
     14150.000      0.0000744
     14160.000      0.0002312
     14170.000      0.0001124
     14180.000      0.0000175
     14190.000     -0.0000667
     14200.000     -0.0002366
     14210.000      0.0000159
     14220.000      0.0005832
     14230.000      0.0001979
     14240.000      0.0000339
     14250.000     -0.0000275
     14260.000     -0.0000931
     14270.000      0.0001788
     14280.000      0.0002530
     14290.000      0.0003409
     14300.000      0.0004204
     14310.000      0.0003970
     14320.000      0.0002027
     14330.000      0.0002091
     14340.000      0.0000340
     14350.000      0.0000251
     14360.000      0.0000095
     14370.000      0.0002360
     14380.000      0.0003585
     14390.000      0.0002027
     14400.000     -0.0001881
     14410.000     -0.0002363
     14420.000     -0.0002947
     14430.000      0.0000511
     14440.000      0.0005030
     14450.000      0.0002554
     14460.000      0.0000670
     14470.000      0.0000972
     14480.000      0.0001120
     14490.000     -0.0000681
     14500.000     -0.0001449
     14510.000     -0.0000274
     14520.000      0.0000854
     14530.000      0.0003148
     14540.000      0.0006651
     14550.000      0.0001818
     14560.000     -0.0001408
     14570.000      0.0000537
     14580.000      0.0002611
     14590.000      0.0002403
     14600.000      0.0001471
     14610.000      0.0001165
     14620.000      0.0001022
     14630.000      0.0000479
     14640.000      0.0000338
     14650.000     -0.0002005
     14660.000     -0.0003761
     14670.000     -0.0001914
     14680.000     -0.0000681
     14690.000      0.0000861
     14700.000      0.0001792
     14710.000     -0.0001388
     14720.000     -0.0005926
     14730.000     -0.0005675
     14740.000     -0.0005846
     14750.000     -0.0004028
     14760.000     -0.0000628
     14770.000     -0.0000165
     14780.000      0.0000282
     14790.000      0.0001313
     14800.000      0.0001735
     14810.000      0.0003468
     14820.000      0.0004263
     14830.000      0.0003445
     14840.000      0.0000891
     14850.000      0.0004500
     14860.000      0.0008013
     14870.000      0.0002325
     14880.000     -0.0002498
     14890.000     -0.0003216
     14900.000     -0.0003518
     14910.000     -0.0002247
     14920.000     -0.0000884
     14930.000     -0.0002051
     14940.000     -0.0003264
     14950.000     -0.0001779
     14960.000     -0.0000533
     14970.000      0.0001700
     14980.000      0.0003868
     14990.000     -0.0001662
     15000.000     -0.0007533
     15010.000      0.0000264
     15020.000      0.0000245
     15030.000      0.0000220
     15040.000      0.0000187
     15050.000      0.0000186
     15060.000      0.0000185
     15070.000      0.0000168
     15080.000      0.0000144
     15090.000      0.0000199
     15100.000      0.0000291
     15110.000      0.0000317
     15120.000      0.0000336
     15130.000      0.0000311
     15140.000      0.0000283
     15150.000      0.0000309
     15160.000      0.0000317
     15170.000      0.0000295
     15180.000      0.0000272
     15190.000      0.0000279
     15200.000      0.0000284
     15210.000      0.0000287
     15220.000      0.0000286
     15230.000      0.0000289
     15240.000      0.0000278
     15250.000      0.0000285
     15260.000      0.0000294
     15270.000      0.0000285
     15280.000      0.0000270
     15290.000      0.0000278
     15300.000      0.0000278
     15310.000      0.0000278
     15320.000      0.0000279
     15330.000      0.0000279
     15340.000      0.0000277
     15350.000      0.0000267
     15360.000      0.0000259
     15370.000      0.0000278
     15380.000      0.0000289
     15390.000      0.0000278
     15400.000      0.0000260
     15410.000      0.0000260
     15420.000      0.0000260
     15430.000      0.0000261
     15440.000      0.0000261
     15450.000      0.0000262
     15460.000      0.0000253
     15470.000      0.0000253
     15480.000      0.0000254
     15490.000      0.0000263
     15500.000      0.0000272
     15510.000      0.0000272
     15520.000      0.0000271
     15530.000      0.0000263
     15540.000      0.0000245
     15550.000      0.0000245
     15560.000      0.0000245
     15570.000      0.0000254
     15580.000      0.0000263
     15590.000      0.0000272
     15600.000      0.0000272
     15610.000      0.0000272
     15620.000      0.0000263
     15630.000      0.0000263
     15640.000      0.0000254
     15650.000      0.0000272
     15660.000      0.0000281
     15670.000      0.0000272
     15680.000      0.0000252
     15690.000      0.0000258
     15700.000      0.0000251
     15710.000      0.0000244
     15720.000      0.0000232
     15730.000      0.0000241
     15740.000      0.0000255
     15750.000      0.0000256
     15760.000      0.0000246
     15770.000      0.0000248
     15780.000      0.0000256
     15790.000      0.0000257
     15800.000      0.0000259
     15810.000      0.0000263
     15820.000      0.0000266
     15830.000      0.0000259
     15840.000      0.0000243
     15850.000      0.0000253
     15860.000      0.0000262
     15870.000      0.0000272
     15880.000      0.0000272
     15890.000      0.0000281
     15900.000      0.0000281
     15910.000      0.0000281
     15920.000      0.0000281
     15930.000      0.0000299
     15940.000      0.0000308
     15950.000      0.0000299
     15960.000      0.0000281
     15970.000      0.0000290
     15980.000      0.0000298
     15990.000      0.0000294
     16000.000      0.0000279
     16010.000      0.0000280
     16020.000      0.0000275
     16030.000      0.0000283
     16040.000      0.0000288
     16050.000      0.0000307
     16060.000      0.0000311
     16070.000      0.0000311
     16080.000      0.0000316
     16090.000      0.0000324
     16100.000      0.0000326
     16110.000      0.0000330
     16120.000      0.0000334
     16130.000      0.0000320
     16140.000      0.0000305
     16150.000      0.0000324
     16160.000      0.0000343
     16170.000      0.0000362
     16180.000      0.0000371
     16190.000      0.0000380
     16200.000      0.0000381
     16210.000      0.0000372
     16220.000      0.0000363
     16230.000      0.0000372
     16240.000      0.0000381
     16250.000      0.0000391
     16260.000      0.0000390
     16270.000      0.0000390
     16280.000      0.0000390
     16290.000      0.0000399
     16300.000      0.0000399
     16310.000      0.0000407
     16320.000      0.0000408
     16330.000      0.0000406
     16340.000      0.0000408
     16350.000      0.0000423
     16360.000      0.0000433
     16370.000      0.0000424
     16380.000      0.0000411
     16390.000      0.0000442
     16400.000      0.0000452
     16410.000      0.0000456
     16420.000      0.0000457
     16430.000      0.0000463
     16440.000      0.0000495
     16450.000      0.0000489
     16460.000      0.0000487
     16470.000      0.0000524
     16480.000      0.0000527
     16490.000      0.0000544
     16500.000      0.0000547
     16510.000      0.0000533
     16520.000      0.0000540
     16530.000      0.0000567
     16540.000      0.0000585
     16550.000      0.0000624
     16560.000      0.0000639
     16570.000      0.0000638
     16580.000      0.0000645
     16590.000      0.0000651
     16600.000      0.0000652
     16610.000      0.0000680
     16620.000      0.0000703
     16630.000      0.0000715
     16640.000      0.0000726
     16650.000      0.0000719
     16660.000      0.0000681
     16670.000      0.0000767
     16680.000      0.0000813
     16690.000      0.0000852
     16700.000      0.0000881
     16710.000      0.0000904
     16720.000      0.0000925
     16730.000      0.0000927
     16740.000      0.0000919
     16750.000      0.0000975
     16760.000      0.0001026
     16770.000      0.0001037
     16780.000      0.0001041
     16790.000      0.0001073
     16800.000      0.0001080
     16810.000      0.0001113
     16820.000      0.0001163
     16830.000      0.0001153
     16840.000      0.0001107
     16850.000      0.0001134
     16860.000      0.0001137
     16870.000      0.0001140
     16880.000      0.0001159
     16890.000      0.0001171
     16900.000      0.0001163
     16910.000      0.0001156
     16920.000      0.0001172
     16930.000      0.0001161
     16940.000      0.0001132
     16950.000      0.0001115
     16960.000      0.0001080
     16970.000      0.0001049
     16980.000      0.0001074
     16990.000      0.0001051
     17000.000      0.0001007
     17010.000      0.0000989
     17020.000      0.0000994
     17030.000      0.0000934
     17040.000      0.0000883
     17050.000      0.0000855
     17060.000      0.0000814
     17070.000      0.0000784
     17080.000      0.0000740
     17090.000      0.0000688
     17100.000      0.0000658
     17110.000      0.0000649
     17120.000      0.0000635
     17130.000      0.0000606
     17140.000      0.0000559
     17150.000      0.0000525
     17160.000      0.0000478
     17170.000      0.0000470
     17180.000      0.0000454
     17190.000      0.0000454
     17200.000      0.0000452
     17210.000      0.0000409
     17220.000      0.0000396
     17230.000      0.0000354
     17240.000      0.0000300
     17250.000      0.0000323
     17260.000      0.0000338
     17270.000      0.0000332
     17280.000      0.0000322
     17290.000      0.0000298
     17300.000      0.0000290
     17310.000      0.0000296
     17320.000      0.0000267
     17330.000      0.0000281
     17340.000      0.0000272
     17350.000      0.0000259
     17360.000      0.0000235
     17370.000      0.0000258
     17380.000      0.0000289
     17390.000      0.0000279
     17400.000      0.0000259
     17410.000      0.0000266
     17420.000      0.0000294
     17430.000      0.0000317
     17440.000      0.0000313
     17450.000      0.0000307
     17460.000      0.0000289
     17470.000      0.0000257
     17480.000      0.0000331
     17490.000      0.0000353
     17500.000      0.0000362
     17510.000      0.0000362
     17520.000      0.0000375
     17530.000      0.0000423
     17540.000      0.0000452
     17550.000      0.0000471
     17560.000      0.0000567
     17570.000      0.0000530
     17580.000      0.0000610
     17590.000      0.0000681
     17600.000      0.0000704
     17610.000      0.0000690
     17620.000      0.0000763
     17630.000      0.0000735
     17640.000      0.0000841
     17650.000      0.0000813
     17660.000      0.0000594
     17670.000      0.0000857
     17680.000      0.0000858
     17690.000      0.0000843
     17700.000      0.0000795
     17710.000      0.0000760
     17720.000      0.0000786
     17730.000      0.0000739
     17740.000      0.0000584
     17750.000      0.0000621
     17760.000      0.0000508
     17770.000      0.0000526
     17780.000      0.0000448
     17790.000      0.0000348
     17800.000      0.0000430
     17810.000      0.0000309
     17820.000      0.0000311
     17830.000      0.0000312
     17840.000      0.0000242
     17850.000      0.0000165
     17860.000      0.0000176
     17870.000      0.0000170
     17880.000      0.0000176
     17890.000      0.0000140
     17900.000      0.0000106
     17910.000      0.0000076
     17920.000      0.0000075
     17930.000      0.0000063
     17940.000      0.0000045
     17950.000      0.0000048
     17960.000      0.0000041
     17970.000      0.0000031
     17980.000      0.0000027
     17990.000      0.0000024
     18000.000      0.0000004
     18010.000      0.0000007
     18020.000      0.0000013
     18030.000      0.0000014
     18040.000      0.0000005
     18050.000      0.0000014
     18060.000      0.0000005
     18070.000      0.0000004
     18080.000      0.0000000
     18090.000      0.0000005
     18100.000      0.0000010
     18110.000      0.0000004
     18120.000      0.0000006
     18130.000      0.0000004
     18140.000      0.0000011
     18150.000      0.0000009
     18160.000      0.0000005
     18170.000      0.0000007
     18180.000      0.0000000
     18190.000      0.0000000
     18200.000      0.0000000
     18210.000      0.0000001
     18220.000      0.0000001
     18230.000      0.0000006
     18240.000      0.0000000
     18250.000      0.0000000
     18260.000      0.0000000
     18270.000      0.0000001
     18280.000      0.0000002
     18290.000      0.0000001
     18300.000      0.0000001
     18310.000      0.0000001
     18320.000      0.0000003
     18330.000      0.0000004
     18340.000      0.0000009
     18350.000      0.0000001
     18360.000      0.0000000
     18370.000      0.0000000
     18380.000      0.0000000
     18390.000      0.0000001
     18400.000      0.0000000
     18410.000      0.0000001
     18420.000      0.0000000
     18430.000      0.0000002
     18440.000      0.0000001
     18450.000      0.0000003
     18460.000      0.0000000
     18470.000      0.0000000
     18480.000      0.0000000
     18490.000      0.0000000
     18500.000      0.0000000
     18510.000      0.0000000
     18520.000      0.0000000
     18530.000      0.0000000
     18540.000      0.0000000
     18550.000      0.0000001
     18560.000      0.0000003
     18570.000      0.0000000
     18580.000      0.0000000
     18590.000      0.0000000
     18600.000      0.0000000
     18610.000      0.0000000
     18620.000      0.0000003
     18630.000      0.0000001
     18640.000      0.0000000
     18650.000      0.0000000
     18660.000      0.0000000
     18670.000      0.0000002
     18680.000      0.0000000
     18690.000      0.0000000
     18700.000      0.0000000
     18710.000      0.0000000
     18720.000      0.0000000
     18730.000      0.0000000
     18740.000      0.0000000
     18750.000      0.0000000
     18760.000      0.0000000
     18770.000      0.0000000
     18780.000      0.0000002
     18790.000      0.0000007
     18800.000      0.0000005
     18810.000      0.0000001
     18820.000      0.0000005
     18830.000      0.0000002
     18840.000      0.0000000
     18850.000      0.0000000
     18860.000      0.0000000
     18870.000      0.0000001
     18880.000      0.0000009
     18890.000      0.0000010
     18900.000      0.0000001
     18910.000      0.0000002
     18920.000      0.0000000
     18930.000      0.0000000
     18940.000      0.0000001
     18950.000      0.0000003
     18960.000      0.0000000
     18970.000      0.0000000
     18980.000      0.0000000
     18990.000      0.0000000
     19000.000      0.0000000
     19010.000     -0.0000001
     19020.000     -0.0000010
     19030.000     -0.0000001
     19040.000      0.0000000
     19050.000      0.0000000
     19060.000      0.0000000
     19070.000      0.0000000
     19080.000      0.0000000
     19090.000      0.0000000
     19100.000      0.0000000
     19110.000      0.0000002
     19120.000      0.0000002
     19130.000      0.0000001
     19140.000      0.0000000
     19150.000      0.0000000
     19160.000      0.0000000
     19170.000      0.0000002
     19180.000      0.0000019
     19190.000      0.0000006
     19200.000      0.0000000
     19210.000      0.0000000
     19220.000      0.0000000
     19230.000      0.0000017
     19240.000      0.0000008
     19250.000      0.0000013
     19260.000      0.0000000
     19270.000      0.0000000
     19280.000      0.0000000
     19290.000      0.0000000
     19300.000      0.0000000
     19310.000      0.0000002
     19320.000      0.0000011
     19330.000      0.0000008
     19340.000      0.0000000
     19350.000      0.0000005
     19360.000      0.0000008
     19370.000      0.0000006
     19380.000      0.0000005
     19390.000      0.0000002
     19400.000      0.0000000
     19410.000      0.0000006
     19420.000      0.0000019
     19430.000      0.0000031
     19440.000      0.0000020
     19450.000      0.0000008
     19460.000      0.0000000
     19470.000      0.0000019
     19480.000      0.0000027
     19490.000      0.0000016
     19500.000      0.0000000
     19510.000      0.0000000
     19520.000      0.0000000
     19530.000      0.0000000
     19540.000      0.0000000
     19550.000      0.0000007
     19560.000      0.0000008
     19570.000      0.0000006
     19580.000      0.0000000
     19590.000      0.0000003
     19600.000      0.0000005
     19610.000      0.0000024
     19620.000      0.0000049
     19630.000      0.0000019
     19640.000      0.0000000
     19650.000      0.0000000
     19660.000      0.0000000
     19670.000      0.0000018
     19680.000      0.0000033
     19690.000      0.0000045
     19700.000      0.0000048
     19710.000      0.0000025
     19720.000      0.0000000
     19730.000      0.0000029
     19740.000      0.0000050
     19750.000      0.0000062
     19760.000      0.0000060
     19770.000      0.0000034
     19780.000      0.0000000
     19790.000      0.0000041
     19800.000      0.0000054
     19810.000      0.0000094
     19820.000      0.0000114
     19830.000      0.0000057
     19840.000      0.0000000
     19850.000      0.0000041
     19860.000      0.0000077
     19870.000      0.0000039
     19880.000      0.0000026
     19890.000      0.0000018
     19900.000      0.0000000
     19910.000      0.0000032
     19920.000      0.0000062
     19930.000      0.0000080
     19940.000      0.0000088
     19950.000      0.0000049
     19960.000      0.0000000
     19970.000      0.0000014
     19980.000      0.0000017
     19990.000      0.0000032
     20000.000      0.0000036
     20010.000      0.0000014
     20020.000      0.0000000
     20030.000      0.0000000
     20040.000      0.0000000
     20050.000      0.0000009
     20060.000      0.0000016
     20070.000      0.0000013
     20080.000      0.0000000
     20090.000      0.0000011
     20100.000      0.0000017
     20110.000      0.0000021
     20120.000      0.0000027
     20130.000      0.0000014
     20140.000      0.0000000
     20150.000      0.0000011
     20160.000      0.0000020
     20170.000      0.0000019
     20180.000      0.0000022
     20190.000     -0.0000015
     20200.000     -0.0000054
     20210.000     -0.0000028
     20220.000      0.0000000
     20230.000      0.0000000
     20240.000      0.0000000
     20250.000      0.0000000
     20260.000      0.0000000
     20270.000      0.0000008
     20280.000      0.0000016
     20290.000      0.0000049
     20300.000      0.0000086
     20310.000      0.0000043
     20320.000      0.0000000
     20330.000      0.0000017
     20340.000      0.0000034
     20350.000      0.0000035
     20360.000      0.0000035
     20370.000      0.0000017
     20380.000      0.0000000
     20390.000      0.0000017
     20400.000      0.0000033
     20410.000      0.0000058
     20420.000      0.0000076
     20430.000      0.0000042
     20440.000      0.0000000
     20450.000      0.0000008
     20460.000      0.0000017
     20470.000      0.0000033
     20480.000      0.0000039
     20490.000      0.0000022
     20500.000      0.0000000
     20510.000      0.0000000
     20520.000      0.0000000
     20530.000      0.0000042
     20540.000      0.0000073
     20550.000      0.0000039
     20560.000      0.0000000
     20570.000      0.0000000
     20580.000      0.0000000
     20590.000      0.0000034
     20600.000      0.0000077
     20610.000      0.0000058
     20620.000      0.0000040
     20630.000      0.0000019
     20640.000      0.0000000
     20650.000      0.0000019
     20660.000      0.0000038
     20670.000      0.0000026
     20680.000      0.0000013
     20690.000      0.0000007
     20700.000      0.0000000
     20710.000      0.0000014
     20720.000      0.0000022
     20730.000      0.0000015
     20740.000      0.0000000
     20750.000      0.0000000
     20760.000      0.0000000
     20770.000      0.0000033
     20780.000      0.0000065
     20790.000      0.0000052
     20800.000      0.0000035
     20810.000      0.0000018
     20820.000      0.0000000
     20830.000      0.0000043
     20840.000      0.0000077
     20850.000      0.0000050
     20860.000      0.0000026
     20870.000      0.0000017
     20880.000      0.0000000
     20890.000      0.0000026
     20900.000      0.0000043
     20910.000      0.0000053
     20920.000      0.0000053
     20930.000      0.0000027
     20940.000      0.0000000
     20950.000      0.0000018
     20960.000      0.0000027
     20970.000      0.0000018
     20980.000      0.0000000
     20990.000      0.0000000
     21000.000      0.0000000
     21010.000      0.0000027
     21020.000      0.0000052
     21030.000      0.0000081
     21040.000      0.0000099
     21050.000      0.0000054
     21060.000      0.0000000
     21070.000      0.0000027
     21080.000      0.0000054
     21090.000      0.0000054
     21100.000      0.0000044
     21110.000      0.0000027
     21120.000      0.0000000
     21130.000      0.0000018
     21140.000      0.0000027
     21150.000      0.0000045
     21160.000      0.0000063
     21170.000      0.0000036
     21180.000      0.0000000
     21190.000      0.0000009
     21200.000      0.0000009
     21210.000      0.0000009
     21220.000      0.0000000
     21230.000      0.0000000
     21240.000      0.0000000
     21250.000      0.0000036
     21260.000      0.0000064
     21270.000      0.0000090
     21280.000      0.0000104
     21290.000      0.0000055
     21300.000      0.0000000
     21310.000      0.0000018
     21320.000      0.0000027
     21330.000      0.0000055
     21340.000      0.0000082
     21350.000      0.0000045
     21360.000      0.0000000
     21370.000      0.0000027
     21380.000      0.0000055
     21390.000      0.0000082
     21400.000      0.0000109
     21410.000      0.0000009
     21420.000     -0.0000091
     21430.000     -0.0000045
     21440.000      0.0000000
     21450.000      0.0000018
     21460.000      0.0000036
     21470.000      0.0000018
     21480.000      0.0000000
     21490.000      0.0000018
     21500.000      0.0000036
     21510.000      0.0000070
     21520.000      0.0000105
     21530.000      0.0000053
     21540.000      0.0000000
     21550.000      0.0000009
     21560.000      0.0000018
     21570.000      0.0000018
     21580.000      0.0000018
     21590.000      0.0000009
     21600.000      0.0000000
     21610.000     -0.0000044
     21620.000     -0.0000090
     21630.000     -0.0000034
     21640.000      0.0000017
     21650.000      0.0000009
     21660.000      0.0000000
     21670.000      0.0000000
     21680.000      0.0000000
     21690.000      0.0000000
     21700.000      0.0000000
     21710.000      0.0000000
     21720.000      0.0000000
     21730.000     -0.0000044
     21740.000     -0.0000089
     21750.000     -0.0000036
     21760.000      0.0000027
     21770.000      0.0000018
     21780.000      0.0000000
     21790.000      0.0000000
     21800.000      0.0000000
     21810.000      0.0000036
     21820.000      0.0000064
     21830.000      0.0000034
     21840.000      0.0000000
     21850.000      0.0000000
     21860.000      0.0000000
     21870.000      0.0000062
     21880.000      0.0000114
     21890.000      0.0000072
     21900.000      0.0000018
     21910.000      0.0000009
     21920.000      0.0000000
     21930.000      0.0000036
     21940.000      0.0000063
     21950.000     -0.0000017
     21960.000     -0.0000090
     21970.000     -0.0000090
     21980.000     -0.0000085
     21990.000      0.0000034
     22000.000      0.0000143
     22010.000      0.0000034
     22020.000     -0.0000086
     22030.000     -0.0000088
     22040.000     -0.0000088
     22050.000      0.0000017
     22060.000      0.0000125
     22070.000      0.0000062
     22080.000      0.0000000
     22090.000     -0.0000045
     22100.000     -0.0000090
     22110.000     -0.0000027
     22120.000      0.0000045
     22130.000      0.0000064
     22140.000      0.0000072
     22150.000      0.0000036
     22160.000      0.0000000
     22170.000      0.0000133
     22180.000      0.0000271
     22190.000      0.0000154
     22200.000      0.0000036
     22210.000      0.0000018
     22220.000      0.0000000
     22230.000      0.0000081
     22240.000      0.0000162
     22250.000      0.0000098
     22260.000      0.0000027
     22270.000      0.0000035
     22280.000      0.0000045
     22290.000      0.0000144
     22300.000      0.0000234
     22310.000      0.0000115
     22320.000      0.0000000
     22330.000      0.0000018
     22340.000      0.0000027
     22350.000      0.0000152
     22360.000      0.0000272
     22370.000      0.0000202
     22380.000      0.0000131
     22390.000      0.0000027
     22400.000     -0.0000088
     22410.000      0.0000105
     22420.000      0.0000301
     22430.000      0.0000248
     22440.000      0.0000189
     22450.000      0.0000107
     22460.000      0.0000009
     22470.000      0.0000151
     22480.000      0.0000301
     22490.000      0.0000178
     22500.000      0.0000044
     22510.000     -0.0000026
     22520.000     -0.0000088
     22530.000     -0.0000009
     22540.000      0.0000076
     22550.000      0.0000061
     22560.000      0.0000034
     22570.000     -0.0000025
     22580.000     -0.0000087
     22590.000      0.0000044
     22600.000      0.0000164
     22610.000      0.0000099
     22620.000      0.0000032
     22630.000     -0.0000026
     22640.000     -0.0000085
     22650.000      0.0000050
     22660.000      0.0000196
     22670.000      0.0000132
     22680.000      0.0000066
     22690.000     -0.0000049
     22700.000     -0.0000171
     22710.000      0.0000000
     22720.000      0.0000177
     22730.000      0.0000094
     22740.000      0.0000000
     22750.000     -0.0000123
     22760.000     -0.0000231
     22770.000     -0.0000025
     22780.000      0.0000217
     22790.000      0.0000115
     22800.000      0.0000000
     22810.000     -0.0000124
     22820.000     -0.0000259
     22830.000     -0.0000015
     22840.000      0.0000211
     22850.000      0.0000143
     22860.000      0.0000061
     22870.000     -0.0000061
     22880.000     -0.0000174
     22890.000     -0.0000042
     22900.000      0.0000077
     22910.000      0.0000000
     22920.000     -0.0000084
     22930.000     -0.0000085
     22940.000     -0.0000084
     22950.000      0.0000016
     22960.000      0.0000113
     22970.000      0.0000017
     22980.000     -0.0000082
     22990.000     -0.0000079
     23000.000     -0.0000079
     23010.000      0.0000041
     23020.000      0.0000169
     23030.000      0.0000091
     23040.000      0.0000016
     23050.000     -0.0000073
     23060.000     -0.0000167
     23070.000      0.0000017
     23080.000      0.0000200
     23090.000      0.0000112
     23100.000      0.0000009
     23110.000      0.0000009
     23120.000      0.0000000
     23130.000      0.0000098
     23140.000      0.0000188
     23150.000      0.0000107
     23160.000      0.0000024
     23170.000      0.0000012
     23180.000      0.0000000
     23190.000      0.0000008
     23200.000      0.0000016
     23210.000      0.0000050
     23220.000      0.0000079
     23230.000      0.0000064
     23240.000      0.0000042
     23250.000      0.0000068
     23260.000      0.0000093
     23270.000      0.0000052
     23280.000      0.0000000
     23290.000      0.0000024
     23300.000      0.0000052
     23310.000      0.0000050
     23320.000      0.0000041
     23330.000      0.0000051
     23340.000      0.0000059
     23350.000      0.0000090
     23360.000      0.0000124
     23370.000      0.0000104
     23380.000      0.0000066
     23390.000      0.0000047
     23400.000      0.0000029
     23410.000     -0.0000023
     23420.000     -0.0000079
     23430.000     -0.0000041
     23440.000      0.0000000
     23450.000      0.0000023
     23460.000      0.0000048
     23470.000      0.0000039
     23480.000      0.0000022
     23490.000      0.0000016
     23500.000      0.0000000
     23510.000      0.0000000
     23520.000      0.0000000
     23530.000      0.0000000
     23540.000      0.0000000
     23550.000      0.0000033
     23560.000      0.0000057
     23570.000      0.0000058
     23580.000      0.0000039
     23590.000      0.0000021
     23600.000      0.0000009
     23610.000      0.0000009
     23620.000      0.0000000
     23630.000      0.0000000
     23640.000      0.0000000
     23650.000      0.0000009
     23660.000      0.0000009
     23670.000     -0.0000039
     23680.000     -0.0000077
     23690.000     -0.0000038
     23700.000      0.0000000
     23710.000      0.0000018
     23720.000      0.0000044
     23730.000      0.0000030
     23740.000      0.0000008
     23750.000      0.0000108
     23760.000      0.0000188
     23770.000      0.0000126
     23780.000      0.0000076
     23790.000      0.0000057
     23800.000      0.0000015
     23810.000      0.0000074
     23820.000      0.0000129
     23830.000      0.0000118
     23840.000      0.0000108
     23850.000      0.0000032
     23860.000     -0.0000067
     23870.000     -0.0000078
     23880.000     -0.0000069
     23890.000      0.0000025
     23900.000      0.0000128
     23910.000      0.0000056
     23920.000      0.0000000
     23930.000      0.0000033
     23940.000      0.0000065
     23950.000      0.0000048
     23960.000      0.0000024
     23970.000     -0.0000025
     23980.000     -0.0000080
     23990.000     -0.0000025
     24000.000      0.0000031
     24010.000      0.0000016
     24020.000      0.0000000
     24030.000      0.0000000
     24040.000      0.0000000
     24050.000      0.0000000
     24060.000      0.0000000
     24070.000      0.0000006
     24080.000      0.0000014
     24090.000     -0.0000032
     24100.000     -0.0000063
     24110.000     -0.0000008
     24120.000      0.0000065
     24130.000     -0.0000008
     24140.000     -0.0000064
     24150.000     -0.0000007
     24160.000      0.0000037
     24170.000      0.0000105
     24180.000      0.0000128
     24190.000      0.0000016
     24200.000     -0.0000068
     24210.000     -0.0000041
     24220.000      0.0000000
     24230.000      0.0000064
     24240.000      0.0000094
     24250.000      0.0000066
     24260.000      0.0000013
     24270.000      0.0000075
     24280.000      0.0000140
     24290.000      0.0000091
     24300.000      0.0000032
     24310.000     -0.0000066
     24320.000     -0.0000164
     24330.000     -0.0000065
     24340.000      0.0000007
     24350.000      0.0000003
     24360.000      0.0000000
     24370.000     -0.0000060
     24380.000     -0.0000160
     24390.000     -0.0000083
     24400.000      0.0000000
     24410.000      0.0000017
     24420.000      0.0000033
     24430.000      0.0000014
     24440.000      0.0000000
     24450.000      0.0000030
     24460.000      0.0000024
     24470.000      0.0000072
     24480.000      0.0000129
     24490.000      0.0000190
     24500.000      0.0000117
     24510.000      0.0000053
     24520.000      0.0000062
     24530.000      0.0000112
     24540.000      0.0000102
     24550.000      0.0000082
     24560.000      0.0000079
     24570.000      0.0000142
     24580.000      0.0000204
     24590.000      0.0000063
     24600.000     -0.0000080
     24610.000     -0.0000079
     24620.000     -0.0000062
     24630.000      0.0000018
     24640.000      0.0000132
     24650.000      0.0000088
     24660.000      0.0000023
     24670.000     -0.0000066
     24680.000     -0.0000114
     24690.000     -0.0000072
     24700.000      0.0000000
     24710.000     -0.0000093
     24720.000     -0.0000054
     24730.000     -0.0000035
     24740.000     -0.0000063
     24750.000     -0.0000033
     24760.000      0.0000000
     24770.000     -0.0000034
     24780.000     -0.0000062
     24790.000     -0.0000029
     24800.000      0.0000000
     24810.000      0.0000099
     24820.000      0.0000299
     24830.000      0.0000446
     24840.000      0.0000185
     24850.000      0.0000273
     24860.000      0.0000203
     24870.000      0.0000092
     24880.000      0.0000024
     24890.000     -0.0000013
     24900.000     -0.0000132
     24910.000     -0.0000062
     24920.000      0.0000000
     24930.000     -0.0000016
     24940.000     -0.0000024
     24950.000     -0.0000011
     24960.000     -0.0000077
     24970.000     -0.0000041
     24980.000      0.0000009
     24990.000      0.0000015
     25000.000      0.0000020
     25031.300      0.0000163
     25062.700      0.0000244
     25094.100      0.0000253
     25125.600      0.0000639
     25157.200      0.0000055
     25188.900     -0.0000118
     25220.700      0.0000149
     25252.500      0.0000325
     25284.500     -0.0000069
     25316.500     -0.0000002
     25348.500     -0.0000084
     25380.700     -0.0000029
     25413.000      0.0000012
     25445.300     -0.0000000
     25477.700      0.0000000
     25510.200     -0.0000000
     25542.800      0.0000019
     25575.400     -0.0000008
     25608.200      0.0000000
     25641.000      0.0000000
     25673.900      0.0000000
     25706.900      0.0000000
     25740.000     -0.0000000
     25773.200      0.0000000
     25806.500     -0.0000000
     25839.800      0.0000000
     25873.200      0.0000000
     25906.700      0.0000000
     25940.300     -0.0000000
     25974.000     -0.0000000
     26007.800     -0.0000000
     26041.700     -0.0000000
     26075.600      0.0000000
     26109.700      0.0000000
     26143.800     -0.0000000
     26178.000     -0.0000000
     26212.300     -0.0000000
     26246.700      0.0000000
     26281.200     -0.0000000
     26315.800      0.0000000
     26350.500      0.0000000
     26385.200     -0.0000000
     26420.100     -0.0000000
     26455.000      0.0000000
     26490.100      0.0000000
     26525.200     -0.0000000
     26560.400      0.0000000
     26595.700     -0.0000000
     26631.200     -0.0000000
     26666.700      0.0000000
     26702.300      0.0000000
     26738.000     -0.0000000
     26773.800     -0.0000000
     26809.700     -0.0000000
     26845.600     -0.0000000
     26881.700     -0.0000000
     26917.900      0.0000000
     26954.200      0.0000000
     26990.600      0.0000000
     27027.000      0.0000000
     27063.600     -0.0000000
     27100.300      0.0000000
     27137.000      0.0000000
     27173.900      0.0000000
     27210.900      0.0000000
     27248.000      0.0000000
     27285.100     -0.0000000
     27322.400      0.0000000
     27359.800     -0.0000000
     27397.300      0.0000000
     27434.800      0.0000000
     27472.500     -0.0000000
     27510.300      0.0000000
     27548.200     -0.0000000
     27586.200     -0.0000000
     27624.300     -0.0000000
     27662.500     -0.0000000
     27700.800      0.0000000
     27739.300      0.0000000
     27777.800      0.0000000
     27816.400      0.0000000
     27855.200      0.0000000
     27894.000     -0.0000000
     27933.000     -0.0000000
     27972.000     -0.0000000
     28011.200     -0.0000000
     28050.500     -0.0000000
     28089.900      0.0000000
     28129.400     -0.0000000
     28169.000     -0.0000000
     28208.700      0.0000000
     28248.600      0.0000001
     28288.500      0.0000000
     28328.600     -0.0000000
     28368.800      0.0000000
     28409.100      0.0000001
     28449.500     -0.0000002
     28490.000      0.0000000
     28530.700      0.0000000
     28571.400     -0.0000000
     28612.300     -0.0000001
     28653.300     -0.0000006
     28694.400      0.0000001
     28735.600      0.0000000
     28777.000      0.0000003
     28818.400     -0.0000003
     28860.000      0.0000009
     28901.700     -0.0000001
     28943.600      0.0000003
     28985.500     -0.0000010
     29027.600      0.0000001
     29069.800     -0.0000002
     29112.100      0.0000014
     29154.500      0.0000005
     29197.100      0.0000008
     29239.800     -0.0000000
     29282.600     -0.0000021
     29325.500      0.0000009
     29368.600      0.0000012
     29411.800     -0.0000013
     29455.100     -0.0000001
     29498.500      0.0000010
     29542.100      0.0000001
     29585.800      0.0000017
     29629.600      0.0000005
     29673.600      0.0000013
     29717.700      0.0000002
     29761.900      0.0000002
     29806.300      0.0000008
     29850.700      0.0000024
     29895.400      0.0000058
     29940.100      0.0000021
     29985.000      0.0000036
     30030.000      0.0000031
     30075.200      0.0000031
     30120.500      0.0000061
     30165.900      0.0000029
     30211.500      0.0000031
     30257.200      0.0000079
     30303.000      0.0000076
     30349.000      0.0000102
     30395.100      0.0000124
     30441.400      0.0000177
     30487.800      0.0000069
     30534.400      0.0000133
     30581.000      0.0000383
     30627.900      0.0000266
     30674.800      0.0000433
     30722.000      0.0000725
     30769.200      0.0002099
     30816.600      0.0000108
     30864.200      0.0001283
     30911.900      0.0003824
     30959.800      0.0000811
     31007.800      0.0004180
     31055.900      0.0000208
     31104.200      0.0000910
     31152.600      0.0000242
     31201.200      0.0001363
     31250.000      0.0000268
     31298.900      0.0000642
     31348.000      0.0000628
     31397.200      0.0000047
     31446.500      0.0000256
     31496.100      0.0000226
     31545.700      0.0000149
     31595.600      0.0000218
     31645.600      0.0000217
     31695.700      0.0000196
     31746.000      0.0000189
     31796.500      0.0000151
     31847.100      0.0000077
     31897.900      0.0000108
     31948.900      0.0000113
     32000.000      0.0000050
